15 9010 9000 9020 9030 9040 9050 9060 9070 9070 9090 9100 9110 9120 9130 9140 9150 9160 9170 9180 9190
1 900 901 902 903 904 905 906 907 908 909 910 911 912 913 914 915 916 917 918 919
2 919 918 917 916 915 914 913 912 911 910 909 908 907 906 905 904 903 902 901 900
3 901 902 903 904 905 906 907 908 909 910 911 912 913 914 915 916 917 918 919 900
4 918 917 916 915 914 913 912 911 910 909 908 907 906 905 904 903 902 901 900 919
15 1000 900
16 1000 900
135 1000 900
5 1000 900
5 1000 900
5 1000 900
5 1000 900
5 1000 900
5 1000 900
5 1000 900